#species
time s1 s2 s3 s4 s5 s6 s7 s8 s9
0.0 0.0 0.66 0.0 96.0 0.003 0.005 3.8 20.0 90.465 
1.0 -0.2753679069411615 0.4268453604146742 0.5085225465264883 99.06918230549124 0.0021128830155853636 0.00211747662193667 0.7345873348712233 12.448955669768127 98.01604433023194 
2.0 -1.2069475167299264 0.7409038586311815 1.1260436580987467 97.06391705139782 0.0036668866762495406 0.003661938618260578 2.7367541233077106 12.734840912042054 97.73015908795797 
3.0 -1.5440448709850243 0.48780968729123214 1.716235183693793 98.83976206752413 0.0024146392686494214 0.002453410165939734 0.963369883041348 12.83714674153793 97.62785325846211 
4.0 -2.3882769916891107 0.7273580791827068 2.3209189125064036 97.44616337565002 0.0035999134203378662 0.0035095235032962372 2.354727187426392 9.465452773257164 100.99954722674286 
5.0 -2.7993983677411367 0.5248418496302452 2.9345565181108886 98.68032131073944 0.0025979026815397964 0.0026442687431494027 1.122436517835884 11.768248814903234 98.6967511850968 
6.0 -3.5886227256312906 0.7031342636646211 3.5454884619666656 97.6550697047667 0.0034800739766921796 0.003410662893771591 2.146039558362849 8.999971742024089 101.46502825797599 
7.0 -4.051066623354695 0.5488276702880642 4.162238953066624 98.57888754613293 0.0027165869862821198 0.002751473722914037 1.2236443931578158 10.581308390894094 99.88369160910602 
8.0 -4.804691514417374 0.6825959803735401 4.782095534043828 97.7791288772224 0.003378464181119181 0.003345517852011769 2.0221471407444467 9.236044692262428 101.22895530773765 
9.0 -5.303642179883121 0.5670395017349721 5.396602678148147 98.50508779506845 0.002806694655683943 0.0028235305949583333 1.297281979680948 9.621361778995654 100.84363822100443 
10.0 -6.0294489396613615 0.6657861833987405 6.023662756262621 97.8733348974554 0.003295299790873262 0.0032923928380487683 1.928077409915694 9.570382324725092 100.89461767527496 
11.0 -6.558108199000919 0.5824910803830893 6.635617118617829 98.44097847209096 0.002883144359657968 0.002882483164479461 1.361255900384902 8.946292989510228 101.51870701048983 
12.0 -7.2592569577662145 0.6520101496617415 7.26724680810447 97.95446848658062 0.00322714336589949 0.003243813089646718 1.847060556963848 9.815658596350673 100.64934140364939 
13.0 -7.81370466377749 0.5958421447944204 7.877862518983066 98.38088867894074 0.0029492028216501994 0.0029349196589928362 1.4212271985786047 8.533896960051132 101.93110303994892 
14.0 -8.492599469218565 0.6409932081622057 8.511606261056363 98.02476079368773 0.003172635927771419 0.0031994268154177954 1.7768671435690713 9.928718578672623 100.53628142132742 
15.0 -9.069167613930542 0.6068695644578805 9.122298049472663 98.32549412789056 0.0030037663190787523 0.00298102028735135 1.4765210855030038 8.335426339076557 102.12957366092348 
16.0 -9.728812969444501 0.6325583835251184 9.75625458591938 98.08314204424344 0.0031309022194895082 0.0031608099316613385 1.7185662436053861 9.923999579547145 100.54100042045287 
17.0 -10.32346271780284 0.6153274379296229 10.36813527987322 98.27731647304269 0.0030456175153235855 0.003019482282151239 1.5246184271598375 8.293767706942225 102.17123229305786 
18.0 -10.967536711793056 0.6264905187154587 11.001046193077604 98.12884776571708 0.003100878289275875 0.0031294056454118373 1.6729219503482153 9.835841705062279 100.62915829493778 
19.0 -11.576015385631141 0.6212351105821258 11.614780275049025 98.23855502299973 0.003074851272160585 0.0030493859722196936 1.563320739755937 8.353489822432694 102.11151017756735 
20.0 -12.208441931054677 0.6224673572830431 12.245974573771646 98.16242286380758 0.0030809703273079123 0.003105640547894089 1.6393905253172465 9.70107931702025 100.7639206829798 
21.0 -12.826729806310912 0.6249169301865465 12.861812876124377 98.20991098125296 0.003093071770057255 0.0030709156107604075 1.591925031366272 8.467610802456544 101.99738919754353 
22.0 -13.451183951287817 0.6201094811250538 13.49107447016278 98.1853313497466 0.0030693016030700297 0.0030890721075905454 1.6165102765427686 9.55002211573529 100.91497788426479 
23.0 -14.075811006711652 0.6268520460507847 14.108958960660887 98.1907302126242 0.003102649409188017 0.0030850722116447004 1.6110820657549612 8.600768024909856 101.86423197509025 
24.0 -14.695398864563192 0.6190201463767299 14.736378718186488 98.19950799826677 0.0030639095018108768 0.003078670085383468 1.6023494221460386 9.404218664048472 101.06078133595163 
25.0 -15.323601271568826 0.6275429103901418 15.356058361178713 98.17947487818734 0.0031060701083992317 0.003093286349328867 1.6223257653549223 8.72945453687921 101.73554546312087 
26.0 -15.940725449635826 0.6188233472768382 15.981902102359022 98.20698804507815 0.0030629338523814873 0.0030731331285996943 1.5948758879408615 9.276814144212024 101.18818585578808 
27.0 -16.57046559022984 0.6274335372834321 16.60303205294645 98.17424769387183 0.0031055307707388534 0.0030970802883504246 1.6275496950690291 8.840267062322143 101.62473293767793 
28.0 -17.18683006550198 0.619191037397623 17.227639028104402 98.20967872548493 0.003064751639994377 0.0030711303122285772 1.5921853925627611 9.174062240375925 101.29093775962414 
29.0 -17.816729347370323 0.6268750620893652 17.84985428528101 98.1731851906435 0.0031027688150148816 0.003097853470790952 1.6286141870706132 8.927483371132382 101.53751662886765 
30.0 -18.433426870996026 0.6198592253475773 18.473567645648505 98.20922662857959 0.003068056684642476 0.003071461761753924 1.5926338529739283 9.097194014783392 101.36780598521662 
31.0 -19.062652559449493 0.6261216065801911 19.096530952869344 98.1746893362343 0.0030990416805106408 0.0030967698024844527 1.6271148522826298 8.99058054044197 101.47441945955805 
32.0 -19.68028908553787 0.6206328362506078 19.719656249287304 98.20695639790334 0.0030718837341715943 0.0030731433266691526 1.594898575035734 9.044177772433063 101.42082222756696 
33.0 -20.30842627792877 0.6253420352628473 20.343084242665974 98.17751937788039 0.0030951849760243615 0.003094722949612316 1.624290714193938 9.032123418840275 101.43287658115975 
34.0 -20.927250994169814 0.6213815931360037 20.965869401033853 98.20386120314453 0.003075588118260247 0.003075433460385019 1.5979877752768064 9.011194473838176 101.45380552616186 
35.0 -21.554179258999476 0.624636846955084 21.589542412044437 98.18079630143535 0.0030916960451240036 0.003092345958412745 1.6210196565610782 9.056156323617534 101.40884367638246 
36.0 -22.174202751857873 0.6220300159732709 22.212172735884646 98.20062683298904 0.0030787962879603057 0.0030778217423267466 1.6012165489806405 8.993750301374234 101.47124969862574 
37.0 -22.799989582741755 0.6240560082110759 22.835933574530728 98.18395553609734 0.0030888221961561987 0.0030900479875220254 1.6178655937189268 9.067101461485388 101.3978985385146 
38.0 -23.421080721719747 0.622544638679674 23.458536083040126 98.19767810999 0.0030813425810462636 0.0030799944942428168 1.6041605529346872 8.987438449409515 101.47756155059047 
39.0 -24.045896813538594 0.6236145433667492 24.08228227017189 98.18668176555228 0.0030866378352610913 0.00308806009728349 1.6151435365151678 9.069075929550664 101.39592407044934 
40.0 -24.667856879999057 0.622921726082094 24.704935153917017 98.195230543943 0.0030832084543212196 0.0030817945883135018 1.6066044530143464 8.988409947477274 101.47659005252274 
41.0 -25.291911394432294 0.6233039175820884 25.32860747685026 98.18885415582947 0.003085100784889371 0.0030864727797248366 1.6129742706058932 9.065467032610972 101.39953296738902 
42.0 -25.914526761554562 0.6231746300062173 25.951352131548397 98.1933533186934 0.0030844599254875858 0.0030831732333110617 1.6084790481477846 8.993638358753696 101.47136164124629 
43.0 -26.538031778776833 0.6231079200202733 26.574923858756616 98.190438565235 0.0030841308755802993 0.0030853132112763776 1.6113919906781364 9.058978602478344 101.40602139752166 
44.0 -27.161096949507293 0.6233234230721225 27.197773526435242 98.19204325564668 0.003085196277165944 0.003084134360442494 1.6097874137156623 9.000708131623247 101.46429186837672 
45.0 -27.784243495343173 0.6230022375391777 27.821241257804065 98.19149140940966 0.0030836078357590023 0.003084541719278431 1.6103404410352782 9.051575844152191 101.41342415584778 
46.0 -28.407585383498613 0.6233940350395951 28.44419134845908 98.19121793445206 0.0030855457866761932 0.003084739530109023 1.6106117802311124 9.008027758732663 101.45697224126731 
47.0 -29.030526951584406 0.6229617061416481 29.067565245442808 98.19211112551832 0.003083407172320724 0.003084087159882923 1.6097213801494459 9.044499890524762 101.42050010947521 
48.0 -29.654012120400353 0.6234107574813658 29.69060136291903 98.19077261767028 0.0030856286354593895 0.003085066058377407 1.6110566876358634 9.014634602794622 101.45036539720536 
49.0 -30.276862346789798 0.6229640039040572 30.31389834288579 98.1924056638179 0.003083418446118509 0.0030838708862288536 1.6094270468497223 9.038438693540467 101.42656130645953 
50.0 -30.900396143781734 0.6233940929932966 30.93700205078849 98.19060128200333 0.0030855462644240124 0.003085191826271373 1.6112279799059421 9.020052704506268 101.4449472954937 
51.0 -31.523232067033668 0.6229910868414575 31.560240980192248 98.19247588082804 0.003083552379002865 0.0030838191273792506 1.6093567476655224 9.033676577289349 101.4313234227106 
52.0 -32.146753526648055 0.6233599072165581 32.18339361943154 98.19060997208692 0.0030853771757409125 0.0030851857020256666 1.6112194650352343 9.024141853738486 101.44085814626148 
53.0 -32.769621806296676 0.6230294989606014 32.80659230733613 98.19240685960253 0.003083742390171795 0.0030838695325124017 1.6094255284747023 9.030228696708518 101.43477130329143 
54.0 -33.393096753216874 0.6233194810097015 33.42977727220724 98.19072278825593 0.00308517718911513 0.0030851032633989607 1.6111069312914765 9.026977488316383 101.43802251168357 
55.0 -34.0160208804357 0.6230700633223348 34.052950817113434 98.19226446885666 0.0030839430692756807 0.0030839737912508477 1.6095676142827169 9.027950359866532 101.4370496401334 
56.0 -34.639434775268256 0.6232801401475291 34.676154635120774 98.19088319803615 0.0030849825559925107 0.0030849859027202824 1.6109468335050527 9.028749213758513 101.4362507862414 
57.0 -35.26242193889144 0.6231071428304045 35.29931479606111 98.19209585407171 0.0030841265201164655 0.0030840973161845677 1.6097359220918561 9.026621242340006 101.43837875765988 
58.0 -35.88577337617826 0.6232459810926755 35.92252739508567 98.19105293361962 0.0030848135496822724 0.0030848616493275994 1.6107773911812657 9.029692826305757 101.43530717369416 
59.0 -36.508821687157834 0.6231391531490803 36.54568253400884 98.1919246787355 0.003084284899080548 0.0030842227393704704 1.6099068136259584 9.025975037119178 101.43902496288072 
60.0 -37.132113897197016 0.6232168266936944 37.16889707050342 98.19122000361371 0.0030846692976793906 0.003084739299024062 1.6106105877894996 9.030064185310273 101.43493581468964 
61.0 -37.75521689123352 0.6231639026506902 37.79205298858292 98.19177250166263 0.003084407359504578 0.003084334258150405 1.6100587567196238 9.025863450435484 101.43913654956444 
62.0 -38.378460871201476 0.6231962427909006 38.41526462841067 98.19135544627964 0.0030845674459137025 0.0030846400767111258 1.6104753461976544 9.029984393143064 101.43501560685685 
63.0 -39.001605457920625 0.6231805778647854 39.03842488005592 98.19165491277109 0.0030844898730502048 0.003084420438654603 1.6101761769171359 9.026082636369377 101.43891736363055 
64.0 -39.624814450108566 0.6231831666153622 39.661631283493264 98.19145504841502 0.0030845027391352376 0.0030845670886914915 1.6103758817570817 9.029668386017152 101.43533161398281 
65.0 -40.24798772263509 0.6231904731208474 40.284797249514305 98.19157257211235 0.003084538841386687 0.0030844807941776712 1.6102584082519997 9.02645827615078 101.43854172384918 
66.0 -40.8711738571239 0.6231760506016466 40.90799780652232 98.19152121132723 0.003084467522204822 0.003084518590201377 1.6103098025602982 9.029262438528662 101.43573756147126 
67.0 -41.49436473459023 0.623195241638432 41.53116949295185 98.19152104063885 0.0030845624428655354 0.003084518575058395 1.6103098783431609 9.026871009196483 101.43812899080343 
68.0 -42.1175378767265 0.6231732291394598 42.15436464758709 98.19155975755146 0.003084453555062812 0.0030844903240417614 1.61027129856932 9.02886062443265 101.43613937556727 
69.0 -42.740737787549435 0.6231964981509759 42.7775412893985 98.19149369068509 0.0030845686661598397 0.0030845386359159197 1.6103372020126883 9.027249046610931 101.437750953389 
70.0 -43.363905209021624 0.623173192649265 43.40073201637241 98.1915776559731 0.0030844533690371897 0.003084477189690335 1.6102534134680315 9.028515097319307 101.43648490268062 
71.0 -43.987108138418044 0.6231956192193617 44.02391251919873 98.19148355883101 0.0030845643220213594 0.003084546077026124 1.6103473307698342 9.0275568288377 101.43744317116223 
72.0 -44.610274680367894 0.6231747209134464 44.64709995945451 98.19158158550941 0.0030844609267535153 0.0030844742948842136 1.610249479268835 9.028247516182045 101.43675248381788 
73.0 -45.233476854330185 0.6231936627001579 45.27028319163009 98.19148443053469 0.003084554644629922 0.0030845454515978747 1.610346469368961 9.027783902703177 101.43721609729675 
74.0 -45.85664534622659 0.6231769204227486 45.8934684258039 98.19157716260789 0.003084471807095318 0.003084477524619129 1.6102538880602735 9.028059537077104 101.4369404629228 
75.0 -46.47984482401657 0.6231913115256861 46.51665351249094 98.1914905900351 0.003084543013600779 0.003084540948881184 1.6103403260022988 9.02795682860886 101.43704317139104 
76.0 -47.103016397924875 0.6231794796922858 47.13983691823264 98.1915704331764 0.003084484467558783 0.003084482444898208 1.610260599911023 9.027871802739208 101.43712819726068 
77.0 -47.726211899416555 0.6231881368799967 47.76302376253662 98.19150212900315 0.0030845273079423124 0.0030845325045453617 1.6103288111842362 9.02812729815479 101.43687270184509 
78.0 -48.34938909787639 0.6231831155088763 48.38620598236757 98.19155258474687 0.003084502456163098 0.003084495515698538 1.6102784172811533 9.02776715369914 101.43723284630074 
79.0 -48.972578029951485 0.6231848387334316 49.00939319121811 98.19152138822201 0.003084510989047442 0.0030845183961956202 1.6103095823926468 9.028162216676641 101.43683778332324 
80.0 -49.59576140236149 0.6231856885390278 49.63257571382252 98.19153521109052 0.0030845151879830544 0.0030845082463807866 1.6102957654750174 9.02778584971234 101.43721415028755 
81.0 -50.21894522106922 0.6231830384577521 50.25576218261152 98.1915356884745 0.0030845020802930025 0.0030845079152823154 1.6102953015298418 9.028107203380301 101.43689279661959 
82.0 -50.84213243806627 0.6231867513662587 50.87894568670006 98.19152453851163 0.003084520448127558 0.0030845160704253403 1.6103064249697252 9.027861949331134 101.43713805066872 
83.0 -51.46531376710111 0.6231826615803766 51.502131105520775 98.19154231709176 0.003084500214170989 0.003084503053799085 1.610288679640196 9.028024598141569 101.4369754018583 
84.0 -52.088502169797465 0.6231865789229908 52.12531559087452 98.19152161564188 0.0030845195961125174 0.0030845182165080702 1.6103093465454215 9.027940628533768 101.4370593714661 
85.0 -52.71168339983363 0.6231832197504823 52.74850018008318 98.19154222982162 0.0030845029749579584 0.003084503113785326 1.6102887640895713 9.027956653132687 101.4370433468672 
86.0 -53.33487109500318 0.6231858011046296 53.371685293898565 98.19152391864777 0.0030845157482392734 0.003084516532157945 1.6103070490717766 9.027992647699923 101.43700735229996 
87.0 -53.95805355025406 0.6231840731484739 53.99486947710561 98.1915385337871 0.0030845071970861887 0.003084505819831354 1.610292453195934 9.027922444488773 101.43707755551112 
88.0 -54.58123976441636 0.6231849763928168 54.61805478802358 98.1915282746348 0.003084511667791121 0.003084513341643289 1.6103027003556971 9.028010369489422 101.43698963051048 
89.0 -55.20442373285216 0.6231847851090837 55.2412389477431 98.19153417791414 0.0030845107198566243 0.0030845090111005927 1.610296802354852 9.02791878987981 101.4370812101201 
90.0 -55.827608585418666 0.6231844342359507 55.86442415118274 98.19153210849088 0.0030845089850470415 0.0030845105322234475 1.6102988719918083 9.028003044551221 101.43699695544869 
91.0 -56.45079365319321 0.6231851484152733 56.48760850477796 98.19153110753562 0.003084512517752665 0.0030845112615694413 1.6102998686850178 9.02793350186636 101.43706649813353 
92.0 -57.07397771095878 0.6231842402260931 57.110793470732716 98.19153429501621 0.003084508024779691 0.0030845089291175382 1.6102966880298455 9.02798449271001 101.43701550728987 
93.0 -57.69716328976817 0.6231852080679046 57.7339780817003 98.19152962867626 0.003084512813257886 0.0030845123463505483 1.6103013461640823 9.027954979866688 101.43704502013318 
94.0 -58.320346657763274 0.6231838622227043 58.3571627955406 98.191537503801 0.003084506154147122 0.003084506577182817 1.6102934834676161 9.027968908133477 101.43703109186639 
95.0 -58.94353366923684 0.6231860254203786 58.98034764381651 98.1915238816398 0.003084516857736757 0.0030845165576888116 1.6103070849447296 9.027965380054354 101.4370346199455 
96.0 -59.56671479216666 0.623182749037499 59.6035320431292 98.19154563469219 0.0030845006457145803 0.0030845006186584166 1.6102853640433863 9.027948802608163 101.43705119739168 
97.0 -60.189905114156986 0.6231876669640979 60.226717447192925 98.19151129776736 0.003084524980857127 0.003084525780032998 1.6103196514716904 9.028006641806227 101.43699335819365 
98.0 -60.813081226261325 0.6231803863391426 60.84990083992222 98.19156485555315 0.0030844889536428125 0.003084486531166431 1.610266168961998 9.027867735155677 101.4371322648442 
99.0 -61.43627711144187 0.6231891647193017 61.4730879467226 98.19149361215902 0.003084532394366112 0.0030845387469765843 1.6103373166995958 9.028165613589858 101.43683438641003 
100.0 -62.05945173789263 0.6231826496951987 62.09626908819747 98.19156192300898 0.0030845001493151484 0.003084488666632373 1.6102690881750388 9.027642652297839 101.43735734770205 
#compartments
#parameters
#fluxes
time re1 re2 re3 re4 re8 re9 re10 re11
0.0 0.2912621359223301 0.66 32.65979381443299 39.583333333333336 50.0 30.0 100.83213562901476 47.61904761904762 
1.0 0.4598069111308903 0.4268453604146742 21.128992889179422 21.174700175179115 21.174766219366703 21.128830155853635 20.223273989168455 46.282239214127614 
2.0 0.4499491249709389 0.7409038586311815 36.667427143229986 36.61940327084169 36.61938618260578 36.668866762495405 75.24424026513161 46.359622923905704 
3.0 0.4465233665605767 0.48780968729123214 24.146188065577384 24.533581047628296 24.534101659397336 24.146392686494213 26.474376582801476 46.38653828466643 
4.0 0.596098370849383 0.7273580791827068 35.99848474855256 35.09565839290857 35.09523503296237 35.99913420337866 65.69805930913074 45.222375841419186 
5.0 0.4851131384719755 0.5248418496302452 25.97882996252713 26.44216937476091 26.442687431494026 25.979026815397965 30.996880745516812 46.08403621163464 
6.0 0.6250018397173887 0.7031342636646211 34.80035325881521 34.10700212999889 34.10662893771591 34.800739766921794 59.99722550464763 44.99998587097212 
7.0 0.5366098304636977 0.5488276702880642 27.165809201507916 27.51439027128138 27.514737229140373 27.165869862821197 33.97254028758209 45.68269850759583 
8.0 0.6100012950042742 0.6825959803735401 33.78428271977242 33.45547133496502 33.45517852011769 33.78464181119181 56.4754793704175 45.11530073351519 
9.0 0.5870059322554921 0.5670395017349721 28.067045183012024 28.23514899684012 28.235305949583335 28.06694655683943 36.17009586748606 45.29250570309375 
10.0 0.5899483233204983 0.6657861833987405 32.95262274983739 32.923948721205555 32.92392838048768 32.95299790873262 53.76960233028743 45.26980212597936 
11.0 0.6285162215943918 0.5824910803830893 28.831671200957654 28.8248279265921 28.824831644794607 28.831443596579682 38.06575674580178 44.973001493849814 
12.0 0.5760557476511582 0.6520101496617415 32.27105790913976 32.43802722154922 32.43813089646718 32.2714336589949 51.45477618312356 45.37707301367014 
13.0 0.6568937690278489 0.5958421447944204 29.492330213818516 29.349315079000935 29.34919658992836 29.492028216501993 39.813768399371305 44.755554815674046 
14.0 0.5698699186578916 0.6409932081622057 31.726007413129725 31.994097155207914 31.994268154177952 31.72635927771419 49.474713278620506 45.42489820374962 
15.0 0.6714844678155645 0.6068695644578805 30.0379828564796 29.81038792979041 29.810202873513504 30.037663190787523 41.398128248114276 44.64405821609794 
16.0 0.5701254503716147 0.6325583835251184 31.30871332020693 31.607952310299574 31.608099316613384 31.309022194895082 47.8523905978453 45.422921830424244 
17.0 0.6746297179896624 0.6153274379296229 30.456468557133373 30.195026914919044 30.19482282151239 30.456175153235854 42.75432007536581 44.62005059986047 
18.0 0.5749416453001088 0.6264905187154587 31.00852785204855 31.29387953378652 31.294056454118373 31.00878289275875 46.59954387922998 45.385683792645196 
19.0 0.6701297615782378 0.6212351105821258 30.748754644299904 30.49405241235606 30.493859722196937 30.74851272160585 43.828377863854044 44.65440162450556 
20.0 0.5824632366519429 0.6224673572830431 30.809505344809544 31.05623267174904 31.05640547894089 30.809703273079123 45.69258517887678 45.3275741148396 
21.0 0.6616958017623027 0.6249169301865465 30.930899683951868 30.709318597211247 30.709156107604077 30.93071770057255 44.60838633826098 44.71883656359991 
22.0 0.5911317169150174 0.6201094811250538 30.692872650033447 30.890577633784147 30.890721075905454 30.693016030700296 45.0847411073278 45.26067344205608 
23.0 0.6521194734782789 0.6268520460507847 31.026619123109526 30.850850819373566 30.850722116447002 31.02649409188017 45.119272628454276 44.79208331351497 
24.0 0.5997469868948208 0.6190201463767299 30.638999649207957 30.786592463525793 30.78670085383468 30.63909501810877 44.718321488634636 45.194257097577754 
25.0 0.6431244159325799 0.6275429103901418 31.06077819090362 30.9329562861414 30.932863493288668 31.060701083992317 45.40889242020925 44.86096576015886 
26.0 0.607483335455502 0.6188233472768382 30.629282405195823 30.731255690353265 30.731331285996944 30.629338523814873 44.5345255275979 45.134678967784936 
27.0 0.6355752395975229 0.6274335372834321 31.055348002661017 30.970864188094286 30.970802883504245 31.055307707388533 45.5332543175559 44.9188370921916 
28.0 0.6138696329571594 0.619191037397623 30.647490060311675 30.71125616884695 30.711303122285774 30.647516399943772 44.47931967611433 45.085542154285804 
29.0 0.6297570687113017 0.6268750620893652 31.027702419555645 30.978570287744997 30.97853470790952 31.027688150148816 45.54580319608606 44.96347683186331 
30.0 0.6187356869268561 0.6198592253475773 30.680561278782942 30.714592636115363 30.71461761753924 30.68056684642476 44.50674102186261 45.04812922017795 
31.0 0.6256138483691309 0.6261216065801911 30.990414300322826 30.967714465716508 30.967698024844527 30.990416805106406 45.49140741739627 44.99528582972736 
32.0 0.6221370179581729 0.6206328362506078 30.71884477753148 30.73142415621718 30.731433266691525 30.718837341715943 44.58030860614195 45.02199173164493 
33.0 0.622915606361947 0.6253420352628473 30.95183776017804 30.94723281625538 30.94722949612316 30.951849760243615 45.40425160239842 45.01601027893056 
34.0 0.6242720419748135 0.6213815931360037 30.755895479491013 30.75433592266512 30.75433460385019 30.75588118260247 44.673061696339715 45.00559097811327 
35.0 0.6213652512361347 0.624636846955084 30.916944267556975 30.92345478034196 30.92345958412745 30.916960451240037 45.308080250430166 45.02792136568405 
36.0 0.625407146477488 0.6220300159732709 30.78797958623184 30.77822470428542 30.778217423267467 30.787962879603057 44.76671773986708 44.99687319652918 
37.0 0.6206617385681268 0.6240560082110759 30.88820516939911 30.900470933280328 30.900479875220253 30.888221961561985 45.21777061436975 45.03332710102411 
38.0 0.6258188807845266 0.622544638679674 30.813442009390204 30.799954924571043 30.79994494242817 30.813425810462636 44.85025582682823 44.99371132515403 
39.0 0.6205349966963004 0.6236145433667492 30.866363116497926 30.88059056726655 30.8806009728349 30.866378352610912 45.141304092302946 45.034301027241206 
40.0 0.6257554727912534 0.622921726082094 30.832098563632567 30.81795650192392 30.817945883135017 30.832084543212197 44.91839454551951 44.99419824947931 
41.0 0.6207666923653243 0.6233039175820884 30.850995295335775 30.864717818899127 30.864727797248367 30.85100784889371 45.08138335649836 45.03252061349904 
42.0 0.6254144439919722 0.6231746300062173 30.844610337371623 30.831741763268624 30.831732333110615 30.844599254875856 44.96978413311105 44.996817154564766 
43.0 0.621183693114352 0.6231079200202733 30.841299234715734 30.853123476488953 30.853132112763777 30.84130875580299 45.038430760913684 45.029316397225365 
44.0 0.6249539010812054 0.6233234230721225 30.85197083944099 30.84135139236765 30.841343604424942 30.85196277165944 45.0049809550849 45.00035404074088 
45.0 0.6216601409846817 0.6230022375391777 30.836071716514198 30.84541034801971 30.84541719278431 30.836078357590022 45.010488871465746 45.025655601147456 
46.0 0.6244777961373651 0.6233940350395951 30.855463229648297 30.847401218892227 30.84739530109023 30.85545786676193 45.02659574334162 45.00401065970548 
47.0 0.6221162391110294 0.6229617061416481 30.834067539402604 30.84086662265198 30.84087159882923 30.834071723207238 44.994569884096805 45.02215137189993 
48.0 0.6240486766138797 0.6234107574813658 30.85628951152942 30.85066469955823 30.850660583774072 30.856286354593895 45.0377405629592 45.007306608466045 
49.0 0.6225074610912976 0.6229640039040572 30.83418220172088 30.83870554635225 30.838708862288534 30.83418446118509 44.98752824836942 45.01914575299703 
50.0 0.623697206688842 0.6233940929932966 30.855464144548343 30.85192086452711 30.85191826271373 30.855462644240124 45.04146848365904 45.0100062869416 
51.0 0.6228151788014701 0.6229910868414575 30.835522919170433 30.838189318216905 30.838191273792507 30.83552379002865 44.98649453012529 45.01678177337586 
52.0 0.6234322073785006 0.6233599072165581 30.853772115607427 30.851858424958035 30.851857020256666 30.853771757409124 45.04042994091797 45.01204185559759 
53.0 0.623038163366849 0.6230294989606014 30.83742394418537 30.83869439675993 30.838695325124018 30.83742390171795 44.98909146186049 45.01506879734379 
54.0 0.6232485748805164 0.6233194810097015 30.85177154066956 30.85103317646606 30.851032633989607 30.851771891151298 45.036729044638484 45.013452452819315 
55.0 0.6231855977374581 0.6230700633223348 30.839431264109724 30.839737692045453 30.839737912508475 30.839430692756807 44.993508854167395 45.013936227675394 
56.0 0.6231338948392803 0.6232801401475291 30.84982483656992 30.849859001962997 30.849859027202825 30.849825559925108 45.03190688150825 45.014333399482695 
57.0 0.62327163902644 0.6231071428304045 30.841266014870826 30.84097338096873 30.840973161845678 30.841265201164656 44.998473664456434 45.01327528072348 
58.0 0.6230728340170517 0.6232459810926755 30.848134640273862 30.848616136752614 30.848616493275994 30.848135496822724 45.026985653485546 45.01480246046413 
59.0 0.6233134801267525 0.6231391531490803 30.84284985323139 30.84222787612301 30.842227393704704 30.84284899080548 45.00337716451166 45.012953870832014 
60.0 0.6230488067932524 0.6232168266936944 30.846692145537236 30.847392470610927 30.84739299024062 30.846692976793907 45.02225022466159 45.01498703535432 
61.0 0.6233207058145577 0.6231639026506902 30.844074370835127 30.843343134987105 30.84334258150405 30.84407359504578 45.007646415658584 45.01289836559382 
62.0 0.6230539692538071 0.6231962427909006 30.845673755213536 30.846400226369262 30.84640076711126 30.845674459137026 45.01848535951612 45.01494737776639 
63.0 0.6233065127999972 0.6231805778647854 30.844899353605715 30.844204907633966 30.844204386546032 30.84489873050205 45.01088590157239 45.01300739147848 
64.0 0.6230744153882136 0.6231831666153622 30.845026853257682 30.84567040730384 30.845670886914917 30.845027391352378 45.01576681236672 45.0147903125384 
65.0 0.6232821903840579 0.6231904731208474 30.84538886769239 30.84480837531971 30.84480794177671 30.845388413866868 45.01311110079841 45.01319422842147 
66.0 0.6231006827680555 0.6231760506016466 30.844674849111506 30.845185521290244 30.84518590201377 30.84467522204822 45.013999094260484 45.01458852966906 
67.0 0.6232554683934417 0.623195241638432 30.845624726681777 30.845186077395358 30.84518575058395 30.845624428655352 45.01446913697455 45.013399498792715 
68.0 0.6231266848722853 0.6231732291394598 30.84453532030237 30.84490296950941 30.844903240417615 30.844535550628123 45.01300138889227 45.014388785283515 
69.0 0.62323099474737 0.6231964981509759 30.845686832315085 30.845386580152276 30.845386359159196 30.845686661598396 45.01515897061146 45.013587498667015 
70.0 0.623149046281339 0.623173192649265 30.84453357086827 30.844771721390426 30.84477189690335 30.844533690371897 45.01256904099301 45.01421700872093 
71.0 0.6232110707493335 0.6231956192193617 30.84564329669485 30.84546090452485 30.845460770261237 30.845643220213592 45.01538188473567 45.013740549820895 
72.0 0.6231663643789687 0.6231747209134464 30.844609226161822 30.844742850401545 30.844742948842136 30.84460926753515 45.012511420572686 45.014083974361654 
73.0 0.6231963721490872 0.6231936627001579 30.84554645972878 30.845454583625724 30.845454515978748 30.84554644629922 45.01531337355322 45.01385346103025 
74.0 0.6231785311354114 0.6231769204227486 30.8447180789024 30.8447752041638 30.84477524619129 30.84471807095318 45.01267144293 45.013990511810064 
75.0 0.6231851790372992 0.6231913115256861 30.845430105681604 30.845409503911576 30.84540948881184 30.84543013600779 45.01510780657492 45.013939444039636 
76.0 0.6231906825237278 0.6231794796922858 30.84484473100392 30.844824458636666 30.84482444898208 30.84484467558783 45.01289579677067 45.013897167458595 
77.0 0.623174145313792 0.6231881368799967 30.845273010201495 30.84532500818687 30.845325045453617 30.845273079423123 45.01475256813875 45.014024202784086 
78.0 0.623197456296469 0.6231831155088763 30.845024632584426 30.844955209000414 30.84495515698538 30.84502456163098 45.01341433582477 45.01384513285637 
79.0 0.6231718852438511 0.6231848387334316 30.845109826380433 30.845183905669415 30.845183961956202 30.84510989047442 45.01420821861009 45.01404156418103 
80.0 0.6231962461212479 0.6231856885390278 30.845151932070237 30.84508251466244 30.845082463807866 30.845151879830542 45.013895625759 45.01385442914756 
81.0 0.6231754459374402 0.6231830384577521 30.84502076535873 30.845079110131334 30.845079152823153 30.845020802930026 45.013819779002 45.01401421166042 
82.0 0.6231913203135231 0.6231867513662587 30.8452045038875 30.845160736031247 30.845160704253402 30.84520448127558 45.01417870907901 45.01389226809858 
83.0 0.6231807925748486 0.6231826615803766 30.84500213245677 30.845030517125778 30.84503053799085 30.84500214170989 45.01365083516501 45.01397313990771 
84.0 0.623186227615296 0.6231865789229908 30.84519595939197 30.8451821749894 30.8451821650807 30.845195961125174 45.01424498330558 45.01393138909013 
85.0 0.6231851903952804 0.6231832197504823 30.845029759325946 30.845031136836987 30.84503113785326 30.845029749579584 45.01366649026896 45.013939356790075 
86.0 0.6231828605969457 0.6231858011046296 30.845157467846423 30.845165315789206 30.84516532157945 30.845157482392732 45.0141705817999 45.01395725380111 
87.0 0.6231874046133937 0.6231840731484739 30.84507198734369 30.845058208408002 30.845058198313538 30.845071970861888 45.01377630818456 45.01392234764646 
88.0 0.6231817135359174 0.6231849763928168 30.845116661767747 30.845133404188463 30.845133416432887 30.845116677911207 45.01404555118784 45.01396606527983 
89.0 0.6231876411656876 0.6231847851090837 30.845107212697737 30.84509012350894 30.845090111005927 30.845107198566243 45.013898598737754 45.01392053050329 
90.0 0.6231821876495544 0.6231844342359507 30.845089839353857 30.845105310930496 30.845105322234474 30.845089850470416 45.01393996718985 45.01396242323961 
91.0 0.6231866889023392 0.6231851484152733 30.845125185149886 30.84511262486163 30.84511261569441 30.84512517752665 45.01398143565615 45.013927845583126 
92.0 0.6231833884384629 0.6231842402260931 30.8450802435811 30.84508928456783 30.845089291175384 30.84508024779691 45.01388254715258 45.013953199035335 
93.0 0.6231852987001688 0.6231852080679046 30.845128133028595 30.845123466883802 30.845123463505484 30.84512813257886 45.01401853428047 45.01393852481528 
94.0 0.6231843971713852 0.6231838622227043 30.84506154411579 30.845065768781662 30.84506577182817 30.84506154147122 45.01379601687522 45.01394545016529 
95.0 0.6231846255315603 0.6231860254203786 30.84516857044464 30.84516557903045 30.845165576888117 30.84516857736757 45.01417691995432 45.01394369595151 
96.0 0.6231856985336929 0.623182749037499 30.84500647173447 30.845006186392986 30.845006186584165 30.845006457145804 45.01357298217259 45.0139354533805 
97.0 0.6231819548136905 0.6231876669640979 30.845249780316546 30.845257793691992 30.845257800329982 30.845249808571268 45.014520128324726 45.013964211835216 
98.0 0.6231909458094548 0.6231803863391426 30.84488958866489 30.84486532655669 30.84486531166431 30.844889536428127 45.01305226875313 45.01389514495588 
99.0 0.6231716653825714 0.6231891647193017 30.845323857085795 30.845387421722968 30.845387469765843 30.845323943661118 45.014982832104536 45.01404325311086 
100.0 0.6232055152740816 0.6231826496951987 30.845001606279105 30.844886748838093 30.844886666323728 30.845001493151482 45.013177911907704 45.01378322565748 
