#species
time s1 s2 s3 s4 s5 s6 s7 s8
0.0 90.0 10.0 280.0 10.0 10.0 280.0 10.0 0.0 
40.0 25.888181669352026 74.11181833064799 252.7477534018551 26.001158174478515 21.2510884236664 275.9858137545098 10.828458714449079 3.1857275310410227 
80.0 5.652816304360149 94.34718369563988 191.6646354964608 46.40072876218959 61.934635741349695 248.314976376348 24.042136683782235 17.642886939869584 
120.0 7.178859068507646 92.82114093149238 129.1609051735621 60.74186843110508 110.09722639533297 181.8028999368243 44.577253783692576 63.619846279482935 
160.0 12.349774030064518 87.6502259699355 75.00101003629257 68.3861376899548 156.6128522737528 78.28221685889622 60.911508771732976 150.8062743693706 
200.0 18.936090936867576 81.06390906313246 34.252598057161116 67.47112752905473 198.27627441378417 1.4814025223926348 20.823818241689825 267.69477923591745 
240.0 25.888931019420447 74.1110689805796 13.083396016953227 54.26258646711066 232.65401751593612 0.10987651739885008 1.354512960783741 288.53561052181715 
280.0 32.62014096665553 67.37985903334453 7.7721615793727326 35.07110781447815 257.1567306061491 0.08810641808758676 1.2053820748203472 288.7065115070916 
320.0 39.14681146984103 60.85318853015901 6.659382005474659 22.838735971723764 270.5018820228015 0.07885223286138242 1.136957236695417 288.7841905304428 
360.0 45.48369307190186 54.51630692809819 6.435754043675529 18.44541271335671 275.1188332429676 0.07583943351890117 1.1141668943691228 288.8099936721115 
400.0 51.63066432968476 48.36933567031529 7.029734023087253 18.1848528541521 274.7854131227606 0.07583601975332117 1.1144680497128912 288.8096959305333 
440.0 57.57626672496756 42.4237332750325 8.442949192301523 19.91112469402413 271.6459261136742 0.07748260622329782 1.1275498752810342 288.7949675184952 
480.0 63.298398345580935 36.701601654419136 10.739543349090305 22.854724465199485 266.40573218571006 0.08045413497177922 1.150681968074832 288.76886389695295 
520.0 68.7634210992185 31.236578900781566 14.139489044785716 26.734767147875363 259.1257438073388 0.08491059261663646 1.1846413087970709 288.7304480985858 
560.0 73.92422358865383 26.075776411346258 18.995617069869876 31.36574283157038 249.63864009855962 0.09131443997180184 1.2321106237293418 288.6765749362984 
600.0 78.71782836785279 21.28217163214729 25.733352305243844 36.51575146938779 237.75089622536828 0.10042819236295927 1.297281569484857 288.60229023815157 
640.0 83.06399274051158 16.936007259488505 34.75151597269765 41.88977266761556 223.3587113596867 0.1134223617034636 1.3860294063283534 288.50054823196757 
680.0 86.86811255512951 13.131887444870575 46.30225445496448 47.18203665545061 206.51570888958486 0.13211339267123523 1.50655741307973 288.36132919424836 
720.0 90.03467424842762 9.965325751572486 60.40203521965496 52.1383783676564 187.4595864126886 0.15941445726229478 1.6706553145808283 288.16993022815626 
760.0 92.49728221789785 7.502717782102248 76.81427183589747 56.58600922158082 166.59971894252172 0.2002111396010256 1.8960341600679933 287.9037547003303 
800.0 94.25853341547005 5.741466584530061 95.11273489594394 60.42098005891318 144.46628504514288 0.2631345725834378 2.2107596938713128 287.52610573354457 
840.0 95.40937332200596 4.590626677994158 114.79534128152554 63.57031227770476 121.63434644076969 0.36445137166957436 2.6621808898138406 286.9733677385159 
880.0 96.10050869165475 3.8994913083453633 135.3971763906303 65.94088860786118 98.66193500150847 0.5371532028343591 3.3354358354865297 286.1274109616784 
920.0 96.48602676620615 3.513973233793941 156.54949283197425 67.36237972505582 76.0881274429699 0.8537490302860571 4.391954346725249 284.7542966229879 
960.0 96.68366524766734 3.316334752332752 177.97635082425552 67.50477631145253 54.518872864291936 1.4857342955186374 6.141891690660104 282.3723740138204 
1000.0 96.76532745295562 3.2346725470444664 199.44908237644887 65.72592812589646 34.824989497654634 2.854284763749924 9.120881354618076 278.02483388163114 
1040.0 96.76327954571487 3.236720454285191 220.7081482699711 60.81054970028188 18.48130202974702 5.912515980287105 13.886056936736232 270.2014270829759 
1080.0 96.68110874358864 3.3188912564113813 241.3231935874751 51.045505347421255 7.631301065103645 12.087866902420831 20.103637013079258 257.80849608449904 
1120.0 96.51159415416043 3.488405845839558 260.46314987917265 36.605005963148095 2.931844157679168 21.756060133735033 26.381690271279055 241.8622495949851 
1160.0 96.2530757603189 3.746924239681093 276.71069087641285 21.694980136690784 1.594328986896172 33.606178579167796 31.92719559207478 224.46662582875658 
1200.0 95.90588418023587 4.094115819764101 288.1976001759607 10.681364259511069 1.1210355645280272 46.559923754178115 36.74334948455865 206.69672676126237 
1240.0 95.46142864160134 4.538571358398651 294.0189927614865 5.209192666059788 0.7718145724535647 60.25929297387513 40.95566690869049 188.78504011743354 
1280.0 94.89780552478919 5.102194475210806 295.9368714703249 3.5014580689504764 0.5616704607244254 74.53928560175041 44.65240267316946 170.8083117250793 
1320.0 94.1786339677393 5.821366032260685 296.1942386562836 3.2814961314303797 0.524265212285782 89.1968257149503 47.89632189485678 152.90685239019209 
1360.0 93.24907677714785 6.750923222852135 295.78932798461295 3.6010159179310643 0.6096560974557472 104.05031256596487 50.72630087902108 135.22338655501315 
1400.0 92.02658666317912 7.973413336820882 294.98365674077536 4.2209653787764205 0.7953778804479884 118.95884995217041 53.156723170312 117.8844268775167 
1440.0 90.38592752542921 9.6140724745708 293.75377553158876 5.140082830590013 1.1061416378209463 133.7847360342182 55.180882163880376 101.03438180190058 
1480.0 88.13723004309709 11.862769956902914 291.9154502394583 6.467169426476607 1.6173803340648258 148.3483877385827 56.7740294727583 84.87758278865812 
1520.0 84.99841938131961 15.001580618680416 289.10393617295034 8.412078984004824 2.4839848430445772 162.36850190438727 57.89808800175679 69.73341009385506 
1560.0 80.57859591420795 19.421404085792062 284.6752953414567 11.313692155131408 4.011012503411618 175.35745085483285 58.51784848578916 56.1247006593771 
1600.0 74.4425341573709 25.55746584262908 277.56495261307947 15.648129924436036 6.786917462484224 186.4244891749686 58.65541099253371 44.92009983249683 
1640.0 66.4508321680711 33.54916783192888 266.25600698630046 21.894549849505076 11.849443164194144 193.93789492123926 58.5381541784929 37.52395090026697 
1680.0 57.55299185769051 42.44700814230947 249.2887369706967 30.120121917272357 20.591141112030595 195.13491712054955 58.849980660694655 36.01510221875496 
1720.0 50.14983653938805 49.85016346061193 226.58874688855408 39.57000400432021 33.8412491071254 186.21809103824646 60.71728753226173 43.064621429490984 
1760.0 46.358440076158715 53.641559923841264 200.32867365501724 48.984383452934566 50.68694289204787 163.61718201598708 64.82677831014605 61.556039673866 
1800.0 46.311285874445765 53.68871412555421 173.80346799455572 57.38189429495351 68.81463771049042 125.85903692913143 70.36215474681919 93.77880832404847 
1840.0 48.97021226806452 51.02978773193546 149.80920314565458 64.3429478162013 85.84784903814379 75.17327230106437 74.46750449475915 140.35922320417555 
1880.0 53.30019080394063 46.69980919605935 130.1185211786699 69.84341997787865 100.03805884345105 22.46832942581533 68.20001577251466 199.3316548016691 
1920.0 58.56483659459983 41.435163405400154 115.64307674966024 74.07019051408442 110.28673273625495 2.573768185087269 26.736644206300635 260.68958760861125 
1960.0 64.14538407110474 35.854615928895235 106.64989630871396 77.30824039072978 116.04186330055582 0.6379192280794069 3.7286477852613 285.6334329866584 
2000.0 69.54752101638 30.45247898361997 102.87537378479682 79.85386446559544 117.2707617496073 0.4297714548697193 2.9124092586430947 286.6578192864863 
2040.0 74.6405580787864 25.359441921213552 103.8510759155469 81.9285884258054 114.22033565864733 0.4418963343195367 2.9643227847104803 286.59378088096906 
2080.0 79.35636203620125 20.643637963798707 109.12957732570355 83.63519863623799 107.23522403805804 0.49249993622961247 3.1603916347945913 286.34710842897493 
2120.0 83.6117751883782 16.388224811621743 118.28744539919823 84.95411296336304 96.75844163743832 0.59174476169998 3.5232695532183533 285.8849856850807 
2160.0 87.3105518886431 12.689448111356844 130.88130158611608 85.75646518549912 83.36223322838443 0.7715422246553667 4.128824037712306 285.09963373763145 
2200.0 90.35850609557711 9.641493904422841 146.40115403291273 85.8082221698862 67.79062379720071 1.1033613167063856 5.127676549491587 283.76896213380104 
2240.0 92.6946567983186 7.305343201681349 164.249365032645 84.73395075997534 51.01668420737933 1.7517493687816204 6.8048737636781 281.44337686753937 
2280.0 94.32793011441268 5.672069885587257 183.76021259830898 81.90203482363509 34.33775257805559 3.104292420254661 9.638338015890922 277.25736956385356 
2320.0 95.34737725918184 4.652622740818102 204.2413053522862 76.2092862069467 19.549408440766783 6.008279373177562 14.129667163441436 269.8620534633801 
2360.0 95.8869504519325 4.113049548067433 224.9734090743664 66.08227627438828 8.944314651244941 11.760850713638675 20.060935038909882 258.1782142474506 
2400.0 96.07756986506631 3.9224301349336064 245.11237456774643 51.150164679794585 3.7374607524586234 20.901246307232988 26.225553619839637 242.87320007292658 
2440.0 96.02342097842526 3.9765790215746883 263.5507245574463 34.397232436570604 2.05204300598278 32.365662310194004 31.770085910260004 225.86425177954519 
2480.0 95.79396820509828 4.206031794901671 278.79128983735256 19.690085960694848 1.518624201952327 45.015274285950234 36.61390982098713 208.3708158930618 
2520.0 95.42264827671225 4.577351723287725 289.09485345296935 9.740975386987998 1.1641711600423634 58.39769570964809 40.866249985911445 190.7360543044396 
2560.0 94.91188099519574 5.0881190048042315 294.0335262713755 5.135575553282215 0.8308981753420442 72.39910166360337 44.60703583536039 172.99386250103532 
2600.0 94.23853530156855 5.7614646984314355 295.55646027517736 3.793622701195442 0.6499170236269105 86.89411662121114 47.88908320356103 155.21680017522692 
2640.0 93.35592743621815 6.644072563781823 295.61239976504385 3.7363371514160058 0.6512630835398384 101.6819267728848 50.75161891308297 137.5664543140314 
2680.0 92.1889100696432 7.811089930356764 294.9997765027788 4.207625993284125 0.7925975039367763 116.57948563389292 53.21395234126108 120.20656202484521 
2720.0 90.62108003661689 9.378919963383096 293.8892282871162 5.040047535112264 1.0707241777712764 131.4288872682067 55.273315398228874 103.29779733356364 
2760.0 88.4742964706994 11.525703529300602 292.17312699318865 6.284290954871519 1.5425820519396258 146.04979214912453 56.90754720004513 87.04266065082955 
2800.0 85.48178313281028 14.51821686718971 289.5350813797113 8.120006220092733 2.3449124001956982 160.1759153208386 58.079714809220306 71.74436986994033 
2840.0 81.2680510168753 18.73194898312468 285.3849946252993 10.860899066767582 3.7541063079328385 173.3554985710428 58.75196423914383 57.89253718981261 
2880.0 75.39460803174123 24.605391968258772 278.7274268151093 14.964319710584682 6.308253474305705 184.76940803061927 58.93211242819014 46.29847954118979 
2920.0 67.64584200886453 32.35415799113545 268.09971002014424 20.924834106968557 10.9754558728869 192.9134227470694 58.804821098670566 38.28175615425919 
2960.0 58.770073413553966 41.22992658644603 251.97567331796213 28.896896313295183 19.127430368742317 195.19774891322837 58.976600299348505 35.82565078742234 
3000.0 51.016191148442466 48.98380885155752 230.00815397936717 38.24137091998437 31.750475100648107 187.92791762954042 60.54063071525355 41.53145165520524 
3040.0 46.6836457259144 53.31635427408558 204.08183735218 47.72280187319563 48.195360774623985 167.3994616050962 64.31776486091304 58.28277353398995 
3080.0 46.17486380655938 53.825136193440606 177.44306068200024 56.29102320904674 66.2659161089527 131.75980885779606 69.73482448898874 88.50536665321447 
3120.0 48.52734078268898 51.472659217311005 153.00854441959964 63.45434501900094 83.53711056139916 82.60933665130793 74.28847392921232 133.10218941947903 
3160.0 52.6737420722907 47.326257927709285 132.68618124804476 69.14745714386116 98.16636160809372 28.822106317633764 70.62829545202929 190.54959823033627 
3200.0 57.84225621198601 42.157743788013974 117.49001493390546 73.53550548218195 108.9744795839123 3.1526608481711373 33.81340259177555 253.0339365600526 
3240.0 63.41447352577715 36.58552647422284 107.76992694414574 76.89410241898912 115.33597063686483 0.7727481978649217 4.379102377382308 284.8481494247519 
3280.0 68.85182101872596 31.14817898127413 103.32403259593215 79.52226993692929 117.15369746713823 0.4344639722095587 2.9290763127298467 286.6364597150599 
3320.0 73.98919189210986 26.010808107890252 103.69181871677849 81.65452552537033 114.65365575785083 0.43961420423787495 2.9550529729893023 286.6053328227721 
3360.0 78.75905194302958 21.240948056970563 108.42106880124008 83.40987499321324 108.16905620554634 0.4852357142451514 3.132726436552415 286.3820378492017 
3400.0 83.08039222137765 16.919607778622495 117.08712547038945 84.78420447452665 98.12867005508357 0.5772111246612173 3.4715746676535173 285.9512142076845 
3440.0 86.85814240545542 13.14185759454472 129.25172237400096 85.66229553942766 85.08598208657106 0.7443510566606657 4.040741038978847 285.2149079043597 
3480.0 89.99640053435279 10.003599465647365 144.41515099770592 85.82449600367508 69.76035299861864 1.0512944537293165 4.978927905111866 283.96977764115803 
3520.0 92.42755727794487 7.572442722055269 161.99058942921693 84.91741371729185 53.091996853490926 1.6461604506143992 6.550436717878288 281.80340283150656 
3560.0 94.14976548980643 5.850234510193738 181.3183563774251 82.3513572881753 36.33028633439931 2.8778811067278585 9.209578615835188 277.91254027743616 
3600.0 95.2425956695434 4.757404330456754 201.70704229977687 77.09447450621535 21.198483194007533 5.523890384755696 13.483093493191731 270.99301612205176 
3640.0 95.83705352116739 4.162946478832769 222.44286784274433 67.59468961319608 9.9624425440593 10.860998634641536 19.28938698942788 259.8496143759299 
3680.0 96.06644585698203 3.933554143018118 242.70379794894995 53.163385625967216 4.132816425082576 19.615497559570937 25.49091621148707 244.89358622894127 
3720.0 96.0391688196965 3.9608311803036687 261.4205627385971 36.41393388225692 2.1655033791456018 30.867418487611634 31.125615175845027 228.00696633654255 
3760.0 95.82951859680897 4.17048140319122 277.14910944042947 21.28496629362198 1.565924265948169 43.40627964744627 36.05018860516024 210.5435317473927 
3800.0 95.47539629627062 4.524603703729602 288.1331632176705 10.658404474998488 1.2084323073305454 56.706981819533624 40.37036957793523 192.92264860253033 
3840.0 94.98284736734811 5.017152632652125 293.6609109865059 5.472802134298461 0.8662868791951961 70.63676259547795 44.17074906053153 175.19248834398968 
3880.0 94.3317567252487 5.668243274751552 295.47524779298203 3.863201004559908 0.6615512024577244 85.08111745404416 47.50720829703787 157.4116742489171 
3920.0 93.47849384316781 6.5215061568324195 295.64969487797504 3.7074757042796183 0.6428294177449869 99.84357346560081 50.42002419178812 139.7364023426102 
3960.0 92.35199037229528 7.648009627704974 295.10258012998224 4.129215259476314 0.7682046105410013 114.73627497493882 52.93153485257513 122.33219017248524 
4000.0 90.84190818886286 9.158091811137394 294.05517287264513 4.917196161956119 1.0276309653983167 129.60043372932654 55.04153292349584 105.35803334717683 
#compartments
#parameters
#fluxes
time re1 re2 re3 re12 re14 re15 re16 re17 re18 re19
0.0 2.25 0.1388888888888889 0.23728813559322035 0.1 0.3 0.3 0.23728813559322035 0.1 0.0 0.2 
40.0 1.3319292236280833 0.22564297027321453 1.7489965224361732 1.174962608868977 0.43966449038657063 0.475617506897582 0.5038904522612415 0.22273544869331044 0.08758867429426011 0.2096226266182769 
80.0 0.30498158732181685 0.23045867089076333 2.1874834232889504 1.7824617754511438 0.603771972901491 0.5667774189851681 1.460161687595184 0.9534832775765631 0.2702409099472265 0.30789985802402475 
120.0 0.12947571070328262 0.23016289062470546 2.0790765997758505 1.8609685920324979 0.6600699485978395 0.6014692041135346 2.5426448289250243 2.0594403443486606 0.40460423983355914 0.37411302932440815 
160.0 0.07779909875503448 0.22909048327153317 1.826050472934571 1.7970794030605828 0.6844454692585946 0.6150854888874983 3.285728426439882 3.1416597033146543 0.4547664886113292 0.40120075175224607 
200.0 0.05321474963656387 0.22754421492343985 1.4093923993914184 1.6579964134949532 0.697251516696257 0.6135886238364255 0.44554304866973365 2.88137146086448 0.47346961970691004 0.29064208205277503 
240.0 0.05455030235208922 0.22564274798964037 0.8631652526347985 1.451526175187774 0.704573722999361 0.5875746478173746 0.04229553625747103 0.481721594001906 0.47529120228395433 0.04141098435739752 
280.0 0.05784490818206478 0.22346771371494217 0.5749203361494596 1.1798651976297372 0.7086635245986975 0.5253195307424965 0.03754142135699173 0.4781931583916288 0.4753051063581662 0.03719079467719709 
320.0 0.06018412185947372 0.2209526887179094 0.4677472198549658 0.918245463403172 0.7105957063389813 0.45268562860009565 0.03536356259301407 0.4764669506686614 0.47531142095675183 0.03522836492712449 
360.0 0.06193463896979707 0.2180083469693714 0.40919197668985324 0.7516544866070778 0.7112227862829629 0.41363100086645915 0.0345998253621914 0.47555715729226733 0.4753135178031885 0.03457103620909044 
400.0 0.06329283500293172 0.21451971668253628 0.3858688946033088 0.662643628166427 0.711178170154361 0.41098990857533985 0.034556345648423886 0.47510032988326034 0.4753134936097797 0.03457973438138864 
440.0 0.06437458911353817 0.2103361379632256 0.3819713783136923 0.6048961832571553 0.7107529744011131 0.42775314892889416 0.03489945051659566 0.47479984944820547 0.47531229677284437 0.034957258976121626 
480.0 0.06525314833601502 0.20525887382153157 0.3828335613834901 0.5539632140331567 0.710022136320323 0.4528112036493009 0.035531825737297164 0.47451289181445344 0.4753101752964905 0.03562332446237853 
520.0 0.06597694027815879 0.19902715639257323 0.3789267413760802 0.5002439934849051 0.7089604396736021 0.4804405710438302 0.03646445289453201 0.4741703174479497 0.47530705252979566 0.036597700443109775 
560.0 0.06657900459340398 0.19130728010839815 0.3642568558848748 0.440996977026171 0.7074892011392965 0.5073639650103937 0.03776280175361048 0.4737252408031484 0.4753026719246512 0.037952877857059086 
600.0 0.06708237821695855 0.18169905479946338 0.33612604256500694 0.37713440446954477 0.7054897720719898 0.5316201903473137 0.039530158410777706 0.47313083241315435 0.47529662904019315 0.03980055090641301 
640.0 0.06750343446234278 0.1697946977161321 0.29574572517288733 0.311763196059013 0.7028022284739425 0.5522491658434057 0.0419062472138218 0.47232574534586586 0.47528834776842743 0.042293022060398075 
680.0 0.06785433153363214 0.1553563007460809 0.24796640814941096 0.24910296771568702 0.6992135340811988 0.5690795830259465 0.04507547993018962 0.4712184442203605 0.475277007059797 0.04563511867974178 
720.0 0.06814545430157516 0.13867443720997144 0.19957218504392324 0.19347202644186126 0.6944333548273269 0.582435631102171 0.049282523924063626 0.46965813340817214 0.4752613987991628 0.05010766772676314 
760.0 0.06838855865661998 0.1209903625860375 0.1569243516553971 0.14826530428971335 0.6880505649154626 0.5928463868522441 0.054859632014901655 0.4673859486495569 0.47523965984700345 0.05610885199762058 
800.0 0.06860071635193064 0.10445512764615894 0.1239835223610552 0.11498956846683478 0.6794521723083017 0.6008372605180633 0.06226452696740606 0.46392525051473466 0.47520875105368343 0.06422609266511797 
840.0 0.06880843747581016 0.09115167170387227 0.10150259458338193 0.0928555465195919 0.6676634551044102 0.6068161475515438 0.07213047073748792 0.45834180198318963 0.47516337266372977 0.07536387794978303 
880.0 0.06905278366402792 0.08192558839911435 0.0877642993673018 0.07942089789645292 0.651022272761319 0.6110096801073744 0.08527394576734262 0.4486947522752218 0.4750935991643934 0.09095600086666891 
920.0 0.06940169709840839 0.07629801551649214 0.08016793266104043 0.07185003642096664 0.626493234455351 0.6134085120226609 0.10243659858721975 0.4308173071191366 0.4749795079353507 0.11324166373841853 
960.0 0.06998247918675607 0.07326433038862522 0.07646392353399938 0.0678349926024354 0.5881734407293805 0.6136442579090008 0.12283432104919578 0.39595441260499437 0.47477909632704673 0.14525407140774968 
1000.0 0.07104811795151804 0.07197968017090582 0.07521044904307331 0.06584063518176307 0.5242096864761093 0.6106395706909059 0.13918288836011283 0.3292112264827292 0.4744048997463824 0.189066088019869 
1040.0 0.07303878795164193 0.07201212461085227 0.07576854928182324 0.06490744059678567 0.41399156191701414 0.6016037669628167 0.13062870303409999 0.22210751437288617 0.4737027963825091 0.2403591630236741 
1080.0 0.07642526702969606 0.07330424820830961 0.07811675427777973 0.06412793742945885 0.2529008731032725 0.5796628977123989 0.08513604254958074 0.10925997959499696 0.47250818758343593 0.28634692475866313 
1120.0 0.08126991585481057 0.07591144264595376 0.08246122712446599 0.06186081873531091 0.12262448295468382 0.5319978936145499 0.043384259333785986 0.0467277943363961 0.4708014703919091 0.3187604239741417 
1160.0 0.08730333155499079 0.07974266631906905 0.0888563590100811 0.055381857852735535 0.0720575529818867 0.4434185559416262 0.027557867237139724 0.027117779339100916 0.4686803955497194 0.340177962791652 
1200.0 0.09446352042474783 0.08463032520892375 0.0972892227225485 0.04257050165795952 0.05215401144862096 0.31193915999483657 0.02119696030593461 0.019901398895893367 0.4661700012013416 0.35505383639228527 
1240.0 0.10297299812969714 0.09049219461830078 0.10795664753868929 0.029246953385556534 0.03670224035927923 0.1933226410427692 0.015449587222115636 0.01412286828618433 0.4631965133668397 0.3659653183610761 
1280.0 0.11320419522584028 0.09735381513501606 0.12140144906963583 0.02414015147887591 0.02706989886506753 0.141939815874297 0.011689426212371476 0.010510865639101972 0.45963582075328824 0.3742716191820156 
1320.0 0.12562932220082515 0.10529650286869142 0.13851920004289162 0.026123121949605196 0.025328020607581606 0.13462366979590426 0.01121982182465774 0.0099808600127254 0.4553323768909023 0.3807561432203034 
1360.0 0.14089811815120373 0.11441526609659257 0.16062738192397116 0.03267319120294179 0.029292257961169132 0.14519432435111296 0.013321029178917115 0.01176302264796293 0.45007435145756464 0.3858904289501268 
1400.0 0.15994628314718146 0.12479194597752447 0.1896895668251294 0.04377446837628296 0.03776632726681385 0.164701614705465 0.017657892324633717 0.015508257967857967 0.4435599778225859 0.38995949847443834 
1440.0 0.18411199894879438 0.1364544242742629 0.22867494355146392 0.06134176467180611 0.051508688239621736 0.19141242642196094 0.024865599620094575 0.021743055049745916 0.43536398536767873 0.3931332897399802 
1480.0 0.21525151720219704 0.14930910923604893 0.28207490290523224 0.08934403699724225 0.07299798320568951 0.22594395066706957 0.03672147736508309 0.031984131108909034 0.4249080745589321 0.39550537910308337 
1520.0 0.25569246291642717 0.16304945372424853 0.35654060090904244 0.13475360425645233 0.10655400636683582 0.2694788122965919 0.05684787510013584 0.049321586127937626 0.41148709828044666 0.3971166431715019 
1560.0 0.30734835233046004 0.17706427454470625 0.46123204264877743 0.20875803531452905 0.15823772547721313 0.322465926344504 0.09237370599188 0.07981593136346238 0.394551401545882 0.39798395689653876 
1600.0 0.3678677543402038 0.19040074392449088 0.6061779386218422 0.32622426476821587 0.23363507506870435 0.3829302953316486 0.15703746180500808 0.13511886899075534 0.3748333193541764 0.39817448712952996 
1640.0 0.4203626646454726 0.2018642585553042 0.7939979274005086 0.4977320027631618 0.33099689698582785 0.44507691391033705 0.27496879684259173 0.235811103305388 0.3572079999419488 0.3980121260346583 
1680.0 0.42584111888857784 0.2103544377823545 1.000947029493963 0.7083918471086788 0.4339101066024193 0.5006655673354152 0.47803224106831427 0.4102195577383503 0.3529847109226661 0.3984427628429733 
1720.0 0.36030880356879774 0.21542792828300775 1.1688754356530835 0.9036883924345445 0.519661910666434 0.5438427858808778 0.7829629998180472 0.678427912388151 0.370833567577679 0.4009473233334674 
1760.0 0.26231200819153727 0.21755435776656173 1.247620947308852 1.0266562708445137 0.5787330859880536 0.5741758474038398 1.160758257884151 1.0290629534475975 0.4020325498556285 0.40604656534100986 
1800.0 0.18004055179526685 0.21757915887289486 1.235581740937445 1.0640644835262763 0.6157752355995458 0.5945743910188829 1.537165136452495 1.4180599710119925 0.4310527471705909 0.4121390501183492 
1840.0 0.12509782741826367 0.21611880074713552 1.1596336386107202 1.0345616905719826 0.6384458111174498 0.6082104609213571 1.789184191591347 1.7863678886024648 0.45172478437187225 0.41617068071414315 
1880.0 0.09093917274646449 0.21343680116266142 1.0468185009334359 0.9610864305734004 0.6522062775302085 0.6174027991453759 1.4997252984443983 2.0500588634590664 0.4650075020092571 0.40985578631972275 
1920.0 0.07126131454942525 0.20954296775356615 0.9169429220897971 0.8614303028056561 0.6602059750916904 0.6236951169064686 0.40380139444804286 1.7662519291617347 0.4727954905186788 0.32030179611642595 
1960.0 0.06606657345676713 0.20439476648837265 0.7858393609521577 0.7507068858683095 0.6641495723836196 0.6281257236365887 0.11834268802314016 0.5775633691687466 0.4750526748622372 0.09954396676186086 
2000.0 0.06653469236501938 0.1979877487001043 0.664432709208858 0.6409196249145455 0.6649471897553854 0.6313965033118866 0.08165970902132605 0.47668134330238787 0.47513739236814806 0.08129585519708353 
2040.0 0.06712488973273231 0.1900469586774417 0.5539717053144805 0.5358747387159108 0.6629393996489966 0.6339351714214699 0.08171526757391531 0.471192189552477 0.4751321132083952 0.08250583170419955 
2080.0 0.06765596078429294 0.1801764670211339 0.4537257626244462 0.43760614505483686 0.6579643360697952 0.6359433533307975 0.08522404585719318 0.4665445985700459 0.4751117572055028 0.08701331167163284 
2120.0 0.06815015072127814 0.16799321125468147 0.36359786958715196 0.34822156403554244 0.6493364632221991 0.6374483533846821 0.09180547441017221 0.4601051537615969 0.47507353189151874 0.09510387847825164 
2160.0 0.06864277499154954 0.15333236588837953 0.28461692265671595 0.2700080369982513 0.6356268342964627 0.6383446339717453 0.10195179704227164 0.4498290011348445 0.4750083000549176 0.10792153322055674 
2200.0 0.0691946216713599 0.13663091624578425 0.2186362672972216 0.2051716202290736 0.61411504728413 0.6384019600996332 0.11612102352759748 0.43175424528706063 0.4748969908171345 0.12737874977479974 
2240.0 0.06992426235272069 0.11932668064703753 0.16735038113010683 0.15516546432260805 0.5795885330341617 0.6371998961810426 0.1333718085051972 0.39803268254978236 0.47470005881308236 0.15604020086127382 
2280.0 0.07106660283006859 0.10371637091261884 0.13110027837342536 0.11985147322679117 0.5219798853382761 0.633903366730375 0.14719496153489897 0.33581695510455295 0.47433768732267545 0.1955963508917385 
2320.0 0.07302610218693728 0.09193000605733047 0.10835751734481629 0.09718666618644979 0.42437937412770593 0.6266572958977594 0.13977621085243175 0.237066418370272 0.4736714669124431 0.24253052882757567 
2360.0 0.07626030558992279 0.08488881209776869 0.09639888666099657 0.08380366494825893 0.2801598661787099 0.6112520452443986 0.09827111857797874 0.12794247713806378 0.4725453948783546 0.2860867089917408 
2400.0 0.08090940472872069 0.08224896456806642 0.09240584632386029 0.07582481023215266 0.14959847555524092 0.5799323961707946 0.05439754589732429 0.059439454876404334 0.47091593853925495 0.31807400164565275 
2440.0 0.08676427866641022 0.08300740583791191 0.09406099051268235 0.06922620264360667 0.09025500662572274 0.5222544473631036 0.03505478849988556 0.03484790615774746 0.46886212900175617 0.33964108993961206 
2480.0 0.09372566690616824 0.08614658444234279 0.09978214720445971 0.05968357046510668 0.06895054561079192 0.4256998523224571 0.02847661941127289 0.026932066266195737 0.466423545663232 0.35469033394268523 
2520.0 0.1019632325412828 0.09098401285090252 0.10878915004814597 0.04505468132996779 0.0540162784337582 0.2952887437123152 0.023156351333917077 0.021289825997215434 0.463545524262355 0.36575078868026084 
2560.0 0.11184631569374102 0.09718965351202387 0.12102874331482892 0.03244309990558456 0.03936438884290081 0.1912873885710118 0.01720735119802232 0.015545104769758946 0.46010508055836824 0.3741759274741387 
2600.0 0.12386972111759 0.10466663296182675 0.1370795918043324 0.029074787255779267 0.031146348378990822 0.1513926862922283 0.013856041820129755 0.012372548952231149 0.4559385443018595 0.3807424179531477 
2640.0 0.1386610376475495 0.11342597038569296 0.15808047556040195 0.03312346345518993 0.03120817214864725 0.14956247002366857 0.014188505238535789 0.012567240310715955 0.4508410939107062 0.38593436748813365 
2680.0 0.15709879747496047 0.12350650658433945 0.1858283423373449 0.04277746900936708 0.037640934482399004 0.16429513444641622 0.017556043952921443 0.015457704894920026 0.4445293195265048 0.39005181868836797 
2720.0 0.18044777837234338 0.13491804990103268 0.2230867328629548 0.05896967355072615 0.049969318398184664 0.18862408608119213 0.024026011854800022 0.02105439128888483 0.43660067922606965 0.39327385569474604 
2760.0 0.21048083914392623 0.14757091225938335 0.27407189505113017 0.0850755077903319 0.06993687776927593 0.2214411664521474 0.03497269152793146 0.030519939960711676 0.42650132844278177 0.3956994044152949 
2800.0 0.2494728683538496 0.16118302076066643 0.34507790392208304 0.1274740263302607 0.10139482169578042 0.26340843540850584 0.05360304374043281 0.04659016657752043 0.41353905721783346 0.39737234170139724 
2840.0 0.2995062692239077 0.17518315812803031 0.4449137985852788 0.19667317704645643 0.15013137308273983 0.31498032141284854 0.08637854690168907 0.07476448994579851 0.39710880854002995 0.398307793190688 
2880.0 0.35923543262138025 0.18866045217468963 0.583721246552753 0.30720116089204225 0.2220355653002873 0.3745534652993968 0.14586470867149884 0.12570948224101944 0.37764786245700693 0.3985555835796697 
2920.0 0.41458331733787235 0.20043881226714388 0.7659969322073953 0.47112631516914755 0.3168988426977825 0.4368461530955888 0.2545906765750025 0.21862044696870522 0.3592388738410517 0.3983806221822127 
2960.0 0.4289559141122669 0.2093743046419525 0.9728356879258518 0.6785314074770107 0.42035314764559606 0.49371764418814545 0.44406176680967935 0.3812255534338439 0.3524367148515489 0.3986165899804664 
3000.0 0.37229198002373665 0.21490231101943383 1.1496224988672958 0.8795829122155965 0.5093607342860129 0.538698153229235 0.7350886880318505 0.6361456642279699 0.3673304898352204 0.4007156820245405 
3040.0 0.27541375220132686 0.21738227470178753 1.2416478326868101 1.0141470628046978 0.5719806032895152 0.5706393900778904 1.1057978700346687 0.9770250987041791 0.3976567119621727 0.40544362901360675 
3080.0 0.18967827587450248 0.21765069803093792 1.240743219571301 1.0625012288751172 0.6115655795362327 0.5921961210037398 1.4873255335121243 1.3633833719866768 0.42753998906039253 0.41148857573930986 
3120.0 0.13128328946543713 0.21637110184207384 1.1719279950097694 1.0407848909546298 0.6358298164427092 0.6066045003973286 1.767491083843895 1.7375827435975126 0.449359290167161 0.4160025961923598 
3160.0 0.09476330680934877 0.21385079933269205 1.06298713666396 0.9722487472915682 0.6505888336415739 0.6163061204479816 1.614117593170801 2.024249914851855 0.46351245604676106 0.41241213012115074 
3200.0 0.07320991774404212 0.210125798152868 0.9346202334010707 0.8753807250989907 0.6592555174439315 0.6229323344489844 0.47315318964469966 1.8871855652103706 0.47201846864522085 0.34635367334004175 
3240.0 0.06614031526001977 0.20514239354880554 0.8028878923121567 0.7653405239584241 0.6636846110476734 0.6275764743997838 0.1412652734015993 0.651562716087233 0.47498733937698634 0.11298517062620081 
3280.0 0.06645508669034239 0.19891205537410395 0.6799876977138583 0.6551297114017279 0.66487184834312 0.6309804291887335 0.0824438426437352 0.4784854978224274 0.4751356317897218 0.0816850868845421 
3320.0 0.06705252470077727 0.1911951637945346 0.5680905449422944 0.5493535307934813 0.6632303679812068 0.633606070808893 0.08161372261671554 0.47174411963726126 0.47513306568618563 0.08229028835043646 
3360.0 0.06759059361576861 0.1816027648589447 0.46648564808596793 0.45008308929653523 0.6586621238598611 0.635682204140836 0.08473795655373527 0.4671995454982273 0.4751146416902501 0.08638321566020499 
3400.0 0.06808832700646562 0.16974191497043875 0.3749548322424229 0.35940445010455807 0.6505557124067466 0.6372567050141493 0.09090356346639711 0.46106113212197697 0.47507901730934937 0.09397072881211266 
3440.0 0.06857917318651979 0.15540093314619316 0.2943825732778385 0.2795887186876293 0.6375966467485015 0.6382401803007406 0.10056597513169048 0.451414179410353 0.47501789617193396 0.10610776730556154 
3480.0 0.06911948110194037 0.13891110337040122 0.22655803389930362 0.21288325664690752 0.6172728510205314 0.6384199728646306 0.11422547946064213 0.43462263073486457 0.47491385229913785 0.1246044815006801 
3520.0 0.06981804660212368 0.12156799766761077 0.173266904178441 0.1608909367136619 0.584782345652076 0.6374070136379735 0.13125841500154334 0.4034439883601871 0.47473074793465997 0.15197921052903843 
3560.0 0.0708914621182347 0.10559811290357539 0.1350809630572066 0.12372060487622398 0.5308311466117667 0.6344392074914967 0.14620614716533006 0.3455105863693186 0.47439508737694785 0.1902052646594046 
3600.0 0.07272353667514202 0.0932282972151911 0.11070267333457696 0.09956340726104145 0.43921349715939534 0.6278428341079165 0.1426363317231502 0.25086910844759247 0.473775583398165 0.23668590450708196 
3640.0 0.07578247982233835 0.08556615960773904 0.09749900700752005 0.08517287141305833 0.29932294866003256 0.6137926959628335 0.1045996680149303 0.1401085193295742 0.47271235029006897 0.28127343010499417 
3680.0 0.08026468306139015 0.08240533574231729 0.09261490687628943 0.07669845543375835 0.1620050205859096 0.5849553811523962 0.05854837877229028 0.06504500704490754 0.47114203505817487 0.31477327011256195 
3720.0 0.08598119653741347 0.08278754044338725 0.09364740323667192 0.07013149638027084 0.09461578250786147 0.5311877218778157 0.03643299603752402 0.03653210075590239 0.46913668726017843 0.3374005425963926 
3760.0 0.09280136359531195 0.08566796302111924 0.09890884222154382 0.06116069901841536 0.07089512064685913 0.4399542386517946 0.029094023367331606 0.027645277456978062 0.4667469958375931 0.35308575335524056 
3800.0 0.10086437175250898 0.09031430875497994 0.1075177954486837 0.04698758296761665 0.05591683472608317 0.31154717215710026 0.023891170407364385 0.022026608829197523 0.4639288935072332 0.3645484930447582 
3840.0 0.11051912555849869 0.09635656841088154 0.11933334933422954 0.03352970865438957 0.04094941458850978 0.20049046407024718 0.017863735961837896 0.01616700014910132 0.4605662659692679 0.3732481822677702 
3880.0 0.12224754051889185 0.1036754168185996 0.13485983166642443 0.029021536572473458 0.031680348608471916 0.1536006933669172 0.014059973796759242 0.012569930585031556 0.456499465406432 0.3800138383342995 
3920.0 0.13665541741894452 0.11227323953865537 0.15516523412084002 0.03231104775166831 0.030820643147960704 0.14863612932949624 0.013971697383592737 0.012385915166767772 0.4515304744943349 0.3853562025900101 
3960.0 0.15458284591362573 0.1221882176977334 0.18195167652657576 0.04127231257395251 0.03653893846104673 0.16189432773898413 0.016984635840876873 0.014964423078694245 0.4453878949241236 0.3895947218581696 
4000.0 0.17723971102304945 0.13343692165688312 0.2178400903046268 0.0565241883676661 0.04808715809046478 0.18516146005085543 0.023025764064893286 0.020188872678213857 0.4376859209857144 0.39292067596247476 
